The limits of integration:
  kx = ( -0.7853981633974483 ,  0.7853981633974483 )
  ky = ( -0.7853981633974483 ,  0.7853981633974483 )
  qx = ( 0.001 ,  0.7853981633974483 )
  qy = ( 0 ,  0 )
