The limits of integration:
  kx = ( -0.7853981633974483 ,  0.7853981633974483 )
  ky = ( -0.7853981633974483 ,  0.7853981633974483 )
  qx = ( 0.001 ,  0.7853981633974483 )
  qy = ( 0 ,  0 )

========================================================
depth =  2
sigma_multiplication =  5
num_trials =  5
available_GPU =  [0]
